-6.00
-6.60
-9.90
-8.70
-11.30
-16.50
-16.00
-19.40
-19.80
-11.00
-17.10
-13.70
-15.80
-15.70
-15.80
-18.40
-10.20
-11.60
-13.30
-16.60
-12.80
-8.20
-16.40
-14.90
-16.60
-26.70
-17.20
-16.80
-21.00
-8.70
-15.50
-27.70
-21.00
-18.40
-20.50
-15.60
-4.70
-12.30
-7.50
-19.80
-10.20
-18.90
-21.50
-11.40
-21.10
-17.10
-8.30
-19.70
-8.80
-18.70
-19.00
-13.60
-20.90
-14.40
-13.20
-19.20
-20.50
-7.90
-19.30
-20.80
-4.40
-16.60
-29.40
-22.80
-21.80
-17.80
-10.30
-24.00
-21.00
-21.30
-20.90
-7.30
-26.40
-23.30
-24.50
-27.10
-29.00
-30.30
-22.90
-27.30
-22.70
-10.50
-19.30
-23.50
-19.40
-21.70
-20.10
-21.20
-10.70
-17.10
-17.40
-7.70
-19.90
-19.50
-17.00
-24.80
-17.60
-27.10
-23.60
-14.30
-9.00
-15.40
-16.90
-14.40
-14.00
-17.80
-20.10
-8.60
-14.00
-14.20
-10.60
-13.20
-4.20
-8.20
-10.20
-21.10
-9.10
-10.60
-26.50
-17.20
-13.30
-13.40
-6.90
-4.70
-11.30
-12.70
-17.30
-12.40
-16.70
-21.80
-7.40
-17.90
-21.30
-20.40
-7.50
-11.80
-7.40
-8.90
-17.30
-16.70
-6.40
-18.50
-16.10
-3.40
-9.00
-17.80
-17.70
-13.70
-8.90
-17.70
-12.50
-12.40
-9.90
-9.90
-10.10
-9.20
-29.30
-18.20
-8.00
-16.10
-18.90
-18.90
-6.40
-20.40
-20.70
-18.00
-17.90
-7.20
-13.20
-14.90
-15.50
-15.80
-14.60
-23.70
-16.40
-12.70
-10.80
-20.00
-22.30
-8.90
-24.90
-9.70
-12.30
-7.80
-10.80
-21.20
-15.10
-11.80
-10.00
-19.10
-10.50
-9.10
-27.40
-15.60
-16.20
-9.80
-8.40
-15.30
-27.40
-9.30
-6.00
-23.60
-22.90
-24.40
-17.60
-13.70
-27.80
-17.00
-6.40
-19.40
-17.40
-18.60
-12.20
-20.40
-20.40
-16.20
-17.30
-5.40
-16.50
-10.20
-8.90
-6.90
-15.30
-11.20
-7.90
-9.60
-7.70
-8.20
-13.30
-8.50
-8.30
-6.30
-10.80
-15.70
-8.20
-14.60
-14.00
-17.10
-7.90
-18.50
-11.60
-11.70
-17.40
-11.30
-12.70
-6.80
-7.20
-10.40
-19.40
-6.50
-11.00
-12.80
-14.60
-16.10
-10.50
-13.00
-10.30
-15.10
-19.90
-16.10
-23.50
-19.90
-22.00
-25.00
-6.80
-10.60
-13.90
-8.40
-12.20
-11.60
-19.60
-7.00
-2.10
-14.80
-16.10
-10.40
-22.00
-9.70
-19.90
-18.80
-14.70
-13.90
-6.30
-15.30
-11.10
-17.00
-16.20
-14.30
-20.80
-14.10
-10.10
-8.90
-9.50
-7.60
-12.50
-19.50
-15.50
-19.80
-6.80
-18.70
-20.30
-6.80
-7.80
-6.50
-6.80
-14.30
-6.60
-12.30
-14.90
-13.40
-12.20
-13.00
-10.30
-11.10
-19.10
-8.90
-16.10
-5.70
-16.20
-14.40
-22.70
-15.40
-17.70
-8.10
-5.80
-8.70
-14.60
-30.00
-13.40
-3.80
-22.80
-13.40
-14.60
-13.50
-18.20
-24.60
-21.30
-10.30
-16.90
-15.50
-12.50
-9.70
-15.40
-6.70
-16.40
-13.70
-15.70
-17.20
-15.00
-11.00
-13.30
-11.60
-6.40
-9.40
-11.50
-12.20
-3.60
-11.40
-7.40
-9.60
-16.90
-4.90
-13.40
-8.80
-16.00
-17.50
-7.30
-5.10
-19.90
-16.40
-17.40
-16.60
-22.70
-9.50
-7.70
-15.60
-24.40
-18.40
-3.60
-19.40
-22.60
-15.60
-24.40
-6.50
-15.00
-21.60
-17.90
-10.30
-17.40
-12.00
-15.50
-18.90
-4.50
-18.40
-10.20
-15.50
-20.40
-11.30
-11.10
-19.90
-6.10
-15.80
-17.90
-21.50
-13.60
-10.60
-15.40
-20.00
-20.10
-17.20
-5.60
-12.10
-9.40
-13.80
-9.50
-17.90
-24.80
-12.30
-23.30
-11.60
-21.70
-13.90
-15.20
-12.30
-20.70
-15.40
-19.50
-6.30
-9.10
-6.60
-10.60
-10.00
-9.80
-11.60
-20.50
-13.90
-5.40
-9.00
-11.00
-4.10
-8.20
-6.90
-6.80
-8.30
-9.10
-5.50
-20.00
-9.80
-17.70
-11.40
-12.30
-14.60
-15.90
-20.40
-14.20
-6.80
-5.60
-5.60
-8.20
-15.60
-16.20
-14.20
-6.80
-8.20
-24.30
-15.30
-11.60
-25.60
-24.40
-18.10
-13.70
-11.20
-16.30
-6.20
-20.10
-11.70
-15.80
-2.80
-19.40
-18.70
-20.20
-19.80
-14.60
-16.60
-16.80
-17.50
-24.00
-12.00
-17.80
-24.00
-16.40
-9.30
-17.60
-6.70
-17.60
-16.20
-14.80
-11.40
-7.80
-18.00
-10.30
-12.50
-9.80
-18.50
-15.00
-21.60
-16.80
-5.50
-20.10
-8.40
-18.60
-18.30
-20.10
-17.30
-24.20
-8.10
-14.30
-7.20
-2.90
-2.40
-18.60
-14.30
-8.20
-8.70
-11.10
-17.70
-23.30
-28.80
-25.20
-27.60
-23.20
-10.80
-12.40
-9.40
-11.90
-18.20
-12.00
-15.20
-16.10
-7.80
-24.30
-20.80
-21.40
-15.70
-5.30
-14.90
-10.40
-16.00
-19.90
-19.70
-12.00
-3.80
-7.00
-12.40
-25.90
-26.30
-25.60
-16.40
-13.40
-14.50
-14.20
-18.10
-18.70
-17.60
-19.70
-15.20
-20.60
-15.50
-19.70
-17.60
-17.10
-15.30
-18.10
-23.20
-5.30
-9.00
-16.00
-3.80
-19.30
-21.00
-15.70
-14.20
-15.20
-12.00
-7.90
-12.00
-15.90
-20.90
-12.40
-20.50
-24.20
-18.30
-18.00
-17.60
-24.70
-17.70
-17.70
-8.00
-4.70
-15.60
-19.50
-10.60
-10.90
-18.40
-8.70
-12.00
-11.00
-22.20
-28.20
-17.00
-22.10
-21.20
-13.10
-12.90
-20.00
-14.50
-15.30
-12.90
-18.60
-12.20
-13.10
-18.90
-15.40
-21.50
-15.10
-19.00
-20.30
-17.90
-13.60
-25.90
-10.60
-4.20
-7.10
-27.00
-18.30
-23.50
-13.00
-23.20
-9.20
-16.90
-4.50
-19.70
-19.20
-19.60
-15.30
-20.20
-21.60
-18.40
-20.80
-13.60
-21.60
-16.10
-26.80
-15.30
-17.20
-20.40
-16.60
-21.60
-19.40
-15.50
-28.00
-6.00
-18.50
-20.10
-23.60
-22.90
-20.40
-13.50
-19.90
-11.30
-6.00
-13.90
-11.00
-9.10
-13.70
-14.20
-25.10
-15.30
-20.20
-16.30
-16.10
-9.00
-24.50
-26.40
-20.70
-21.00
-18.50
-21.70
-12.20
-8.90
-16.10
-17.10
-7.50
-8.10
-17.10
-5.50
-9.70
-28.00
-22.70
-15.10
-21.20
-5.80
-18.80
-11.20
-5.80
-11.70
-21.00
-12.30
-10.60
-21.00
-19.50
-8.90
-0.40
-23.80
-12.30
-4.80
-12.30
-6.50
-8.20
-4.27
-9.70
-3.90
-5.30
-7.40
-6.00
-15.10
-15.50
-6.10
-3.30
-6.90
-18.50
-19.00
-19.00
-13.40
-18.90
-16.60
-14.00
-11.80
-15.00
-17.70
-14.70
-15.70
-7.70
-13.10
-5.10
-7.30
-13.40
-9.40
-17.20
-12.30
-17.50
-5.30
-7.60
-5.00
-6.80
-8.30
-6.80
-18.30
-16.80
-4.50
-18.70
-20.60
-1.80
-13.50
-19.50
-17.90
-13.40
-15.10
-10.20
-14.10
-19.80
-16.50
-16.20
-6.90
-12.00
-5.00
-21.50
-16.50
-19.50
-20.90
-8.70
-7.10
-8.40
-21.90
-2.70
-16.70
-7.20
-11.10
-18.10
-11.80
-8.30
-16.70
-22.40
-5.80
-16.30
-14.60
-17.90
-10.00
-17.10
-5.60
-11.40
-9.90
-16.20
-10.20
-12.80
-9.80
-19.50
-14.20
-10.60
-14.50
-6.20
-10.40
-3.00
-17.10
-11.30
-6.00
-17.80
-26.50
-10.60
-21.40
-9.00
-11.20
-20.20
-14.70
-5.20
-19.30
-18.00
-12.40
-14.00
-9.80
-18.90
-15.50
-10.20
-3.20
-7.70
-16.00
-6.70
-16.70
-11.10
-19.10
-18.70
-8.90
-8.80
-9.10
-22.70
-8.90
-17.80
-9.80
-13.30
-5.20
-16.00
-10.00
-5.50
-9.70
-12.60
-13.30
-7.20
-8.30
-11.10
-7.20
-10.20
-23.50
-24.60
-10.20
-17.60
-15.50
-17.00
-5.10
-21.90
-7.20
-7.50
-3.40
-17.80
-15.30
-23.80
-12.70
-7.60
-21.60
-4.70
-21.50
-19.00
-21.70
-27.30
-4.50
-17.20
-17.80
-12.70
-11.90
-18.80
-21.10
-18.70
-8.80
-18.20
-24.00
-8.90
-10.20
-13.70
-12.60
-2.00
-4.30
-11.30
-4.20
-15.20
-10.50
-4.70
-13.60
-15.20
-4.20
-11.90
-6.00
-8.30
-17.40
-8.90
-13.50
-5.80
-6.50
-9.00
-13.70
-12.00
-4.40
-10.70
-9.50
-8.30
-18.20
-17.40
-10.10
-13.30
-17.70
-18.30
-3.70
-12.40
-7.20
-16.40
-20.30
-18.50
-22.00
-13.40
-21.70
-21.80
-18.50
-14.00
-18.80
-13.10
-19.50
-21.30
-17.40
-17.40
-4.60
-11.40
-9.20
-24.20
-17.80
-18.60
-14.40
-20.40
-6.10
-19.60
-15.70
-17.30
-25.30
-4.40
-20.80
-15.90
-12.10
-21.20
-14.60
-12.30
-21.50
-18.50
-18.60
-11.50
-14.30
-22.70
-20.30
-10.10
-12.10
-13.00
-12.70
-5.70
-8.90
-29.80
-31.40
-22.00
-24.20
-7.90
-13.20
-7.40
-16.50
-16.40
-6.10
-8.90
-4.20
-19.70
-17.50
-8.00
-18.10
-20.20
-6.20
-18.50
-18.20
-20.20
-17.10
-24.00
-6.50
-8.00
-13.70
-9.90
-12.00
-18.40
-18.20
-20.70
-8.80
-16.20
-8.50
-9.50
-5.10
-7.40
-16.10
-11.30
-18.00
-20.50
-15.40
-20.60
-26.10
-17.60
-12.90
-10.40
-21.10
-9.20
-11.60
-7.90
-18.00
-22.40
-21.70
-18.20
-14.20
-12.90
-19.40
-11.40
-12.10
-11.40
-7.10
-6.60
-18.90
-17.50
-16.20
-19.80
-22.50
-9.10
-19.50
-5.30
-17.80
-12.40
-14.60
-15.00
-11.40
-11.60
-11.80
-12.90
-7.00
-18.20
-7.40
-8.20
-4.10
-7.90
-13.70
-7.90
-6.50
-10.30
-7.10
-9.50
-14.80
-5.50
-11.60
-12.50
-4.10
-12.40
-16.00
-16.10
-13.80
-8.70
-14.00
-16.90
-3.90
-5.50
-13.30
-1.50
-10.00
-7.20
-12.40
-17.10
-7.30
-5.40
-16.90
-16.00
-17.90
-15.00
-10.20
-10.00
-6.90
-14.50
-15.90
-12.90
-14.10
-6.10
-11.80
-8.80
-20.80
-17.50
-6.60
-18.90
-17.50
-25.90
-9.50
-18.00
-17.30
-7.90
-21.20
-2.10
-21.20
-19.90
-18.90
-5.00
-7.10
-16.20
-10.40
-8.20
-23.90
-5.10
-18.50
-14.00
-3.10
-9.40
-8.70
-14.00
-5.50
-13.50
-12.40
-14.40
-7.10
-12.20
-8.50
-12.80
-18.70
-13.10
-22.90
-8.40
-9.70
-9.30
-20.90
-18.00
-13.40
-20.50
-19.10
-16.40
-17.30
-17.00
-5.20
-5.90
-20.90
-19.70
-4.70
-7.60
-7.30
-28.10
-13.60
-21.60
-19.00
-24.10
-27.10
-8.70
-21.70
-17.20
-13.30
-22.80
-16.10
-4.60
-3.10
-10.80
-5.90
-15.00
-7.70
-16.80
-11.80
-28.50
-7.50
-10.30
-16.10
-17.90
-17.50
-19.80
-6.50
-19.10
-19.60
-19.50
-21.30
-9.80
-27.30
-30.30
-24.50
-25.40
-11.50
-19.80
-5.70
-11.00
-24.80
-21.50
-21.70
-17.90
-4.90
-19.90
-18.10
-18.00
-16.90
-16.40
-10.40
-14.00
-11.70
-10.90
-13.90
-8.10
-17.20
-17.60
-16.20
-17.30
-18.90
-16.40
-17.20
-19.50
-21.80
-17.40
-5.80
-13.90
-13.50
-4.50
-18.50
-6.40
-2.50
-16.60
-13.50
-9.00
-15.10
-15.70
-7.90
-10.80
-15.00
-17.20
-16.60
-9.50
-7.20
-9.40
-8.90
-6.90
-12.90
-5.10
-4.20
-12.20
-18.00
-21.20
-6.60
-12.40
-4.40
-17.50
-19.30
-4.20
-11.90
-19.20
-9.90
-16.60
-7.20
-7.80
-4.20
-12.90
-8.40
-14.70
-7.30
-11.00
-9.70
-13.40
-10.70
-11.60
-7.70
-8.90
-6.80
-10.40
-10.20
-16.20
-11.40
-11.90
-7.80
-15.60
-13.30
-3.30
-9.80
-4.20
-15.20
-16.20
-11.10
-7.00
-16.70
-10.70
-8.40
-15.60
-14.30
-11.60
-15.70
-7.90
-23.00
-10.30
-7.30
-22.00
-15.30
-24.70
-8.30
-16.60
-7.10
-7.50
-13.00
-14.80
-7.50
-19.70
-18.80
-23.50
-18.40
-19.20
-18.60
-12.80
-11.20
-20.60
-20.10
-19.40
-10.80
-17.30
-12.40
-13.50
-15.40
-6.60
-19.90
-11.50
-18.30
-7.70
-17.00
-10.10
-16.40
-22.30
-15.80
-21.30
-19.60
-12.50
-15.30
-12.10
-22.60
-17.20
-21.00
-12.10
-10.10
-20.00
-24.50
-18.50
-35.50
-6.40
-17.10
-6.30
-6.10
-15.60
-9.50
-9.80
-10.60
-15.70
-17.50
-9.00
-12.70
-8.70
-17.60
-26.90
-7.30
-2.80
-13.50
-15.40
-12.10
-13.70
-5.20
-14.30
-8.90
-18.10
-11.30
-20.90
-24.30
-22.40
-9.00
-25.50
-17.20
-14.80
-7.40
-16.80
-20.80
-14.60
-13.30
-16.10
-15.30
-17.00
-6.70
-16.50
-11.80
-12.50
-12.50
-6.70
-17.40
-14.20
-6.70
-18.60
-8.60
-23.00
-17.90
-20.10
-13.40
-3.50
-9.70
-11.20
-18.20
-7.00
-7.60
-15.70
-13.90
-17.00
-22.20
-6.00
-17.00
-14.50
-15.10
-15.00
-15.00
-13.30
-17.90
-19.20
-11.30
-11.30
-28.10
-28.20
-22.40
-22.40
-17.20
-16.10
-17.80
-18.90
-14.70
-17.80
-10.10
-6.20
-15.20
-9.00
-13.10
-7.30
-12.60
-12.30
-6.70
-6.40
-16.50
-13.60
-10.50
-18.60
-4.50
-11.40
-9.60
-9.70
-5.80
-13.90
-18.20
-15.50
-13.40
-13.00
-6.90
-13.70
-9.10
-18.60
-17.40
-26.20
-8.50
-19.80
-6.10
-15.50
-13.90
-7.90
-12.90
-12.30
-6.80
-1.90
-23.20
-16.50
-8.90
-6.90
-17.40
-9.70
-5.80
-12.20
-3.90
-5.70
-12.20
-7.80
-13.80
-6.30
-8.40
-4.60
-15.40
-5.70
-5.40
-1.10
-6.00
-7.20
-7.10
-2.80
-7.60
-12.30
-13.10
-8.80
-12.90
-6.00
-6.50
-6.30
-5.90
-16.10
-6.40
-8.30
-7.30
-9.90
-5.90
-6.50
-7.40
-19.70
-15.30
-21.40
-17.20
-9.10
-26.30
-18.50
-1.80
-7.80
-7.10
-24.00
-9.70
-6.00
-11.10
-4.30
-9.00
-8.80
-6.30
-5.50
-6.10
-5.60
-13.70
-12.90
-8.00
-8.60
-5.30
-19.70
-15.30
-15.50
-9.30
-15.80
-8.00
-7.40
-11.40
-13.00
-11.30
-9.50
-8.50
-11.20
-6.90
-11.10
-20.60
-16.80
-10.30
-18.50
-16.70
-15.30
-15.80
-4.70
-20.80
-12.30
-14.20
-5.80
-19.40
-7.90
-16.80
-7.40
-13.70
-12.30
-11.50
-13.00
-5.50
-11.80
-11.30
-5.10
-8.90
-6.30
-4.40
-13.70
-11.00
-7.40
-7.00
-12.30
-6.20
-17.30
-4.60
-20.50
-20.30
-19.20
-23.60
-10.60
-25.40
-23.40
-8.70
-10.10
-17.60
-16.50
-12.00
-17.10
-9.50
-17.20
-12.80
-16.90
-6.90
-16.90
-15.20
-17.30
-14.10
-11.10
-18.60
-7.40
-13.90
-18.30
-12.90
-8.60
-19.30
-16.10
-20.60
-20.80
-14.20
-10.10
-15.30
-11.30
-10.40
-17.40
-10.60
-16.10
-7.60
-16.70
-16.70
-12.60
-13.40
-18.90
-10.80
-13.50
-12.50
-18.50
-7.20
-17.90
-14.90
-18.80
-13.90
-13.00
-18.20
-14.20
-15.80
-19.70
-20.60
-8.10
-18.50
-21.20
-19.70
-9.90
-9.80
-12.20
-11.80
-16.70
-12.80
-15.40
-12.30
-18.00
-17.90
-17.80
-5.20
-16.40
-8.80
-16.40
-7.10
-15.30
-18.10
-15.80
-9.60
-7.90
-14.80
-6.90
-13.60
-14.30
-15.30
-8.50
-13.20
-5.20
-16.50
-14.90
-11.50
-17.10
-17.20
-15.60
-4.10
-15.30
-15.10
-7.10
-9.80
-4.90
-13.70
-16.80
-19.90
-13.80
-14.10
-17.70
-19.30
-10.20
-21.30
-19.50
-13.90
-10.70
-16.30
-14.80
-8.50
-11.50
-9.90
-18.80
-15.90
-17.20
-21.20
-13.60
-10.70
-15.60
-15.80
-17.90
-10.30
-8.40
-10.60
-19.00
-24.80
-4.90
-13.20
-20.80
-12.50
-10.10
-13.80
-4.70
-13.70
-17.90
-16.50
-8.90
-11.80
-8.40
-7.70
-17.00
-19.90
-16.30
-19.30
-12.40
-11.10
-22.50
-20.70
-21.00
-22.90
-19.40
-20.60
-21.20
-17.90
-20.70
-9.20
-23.80
-22.50
-16.90
-23.80
-13.10
-15.40
-11.70
-14.20
-21.40
-24.50
-18.20
-18.40
-17.50
-20.00
-18.90
-6.90
-19.10
-14.90
-17.80
-16.90
-8.70
-19.20
-20.10
-24.50
-23.80
-22.40
-20.80
-21.90
-19.50
-20.30
-6.70
-21.60
-7.20
-19.60
-23.70
-23.40
-24.40
-23.20
-22.90
-8.60
-30.10
-25.50
-20.90
-15.90
-24.20
-23.90
-14.30
-23.80
-12.10
-24.40
-21.00
-22.90
-22.60
-15.50
-12.50
-16.50
-24.20
-19.10
-15.60
-22.10
-15.50
-9.90
-23.90
-17.30
-21.40
-26.50
-29.70
-24.00
-24.10
-26.00
-14.80
-6.40
-21.70
-7.20
-12.50
-25.40
-22.80
-17.40
-11.90
-9.20
-10.40
-9.00
-8.20
-9.20
-8.50
-11.10
-10.00
-12.10
-13.50
-13.70
-14.10
-18.60
-17.80
-11.30
-8.10
-10.70
-4.10
0.00
-13.80
-6.10
-9.90
-11.30
-11.10
-20.00
-7.30
-29.40
-9.10
-9.50
-4.60
-9.20
-13.30
-15.80
-11.10
-7.80
-11.40
-10.30
-9.30
-14.10
-14.50
-12.80
-22.00
-10.50
-9.40
-7.10
-9.70
-13.80
-19.40
-13.40
-20.00
-5.10
-12.10
-9.50
-9.40
-5.30
-10.20
-15.90
-10.20
-16.60
-14.10
-17.20
-16.60
-16.60
-9.80
-16.60
-25.40
-13.60
-13.80
-9.30
-15.90
-8.30
-5.80
-16.30
-21.30
-12.40
-7.90
-5.80
-21.70
-16.60
-22.40
-19.90
-15.90
-19.60
-19.40
-17.60
-19.00
-9.20
-17.10
-7.20
-27.00
-11.20
-15.90
-18.60
-18.40
-19.60
-18.80
-15.20
-9.00
-17.00
-22.50
-6.10
-8.50
-6.80
-15.50
-13.60
-11.80
-17.20
-20.00
-20.30
-17.10
-4.50
-18.10
-10.50
-17.90
-18.70
-7.20
-18.70
-15.70
-16.70
-3.20
-11.30
-11.30
-6.90
-16.20
-9.50
-16.90
-14.80
-8.40
-17.20
-9.80
-13.70
-16.00
-19.70
-18.40
-16.70
-7.90
-18.70
-5.40
-14.80
-17.40
-20.20
-9.00
-17.00
-14.00
-18.80
-19.30
-19.20
-16.00
-4.30
-7.30
-12.60
-17.10
-9.20
-7.70
-21.10
-7.30
-18.00
-19.20
-14.60
-21.00
-20.40
-9.10
-14.30
-25.80
-20.90
-20.30
-15.70
-17.30
-23.10
-23.80
-23.80
-25.10
-15.90
-24.60
-13.90
-24.70
-6.00
-15.80
-21.20
-19.90
-17.90
-15.50
-7.70
-11.20
-18.40
-12.50
-7.90
-14.70
-13.50
-22.60
-8.30
-11.20
-18.80
-8.60
-19.30
-4.80
-17.60
-20.80
-7.70
-14.20
-7.50
-13.70
-2.80
-16.70
-15.10
-9.10
-11.20
-24.30
-10.10
-19.30
-19.10
-9.80
-11.70
-11.60
-7.80
-2.50
-17.20
-5.70
-10.60
-4.60
-16.00
-16.90
-12.00
-12.90
-11.80
-10.10
-10.10
-8.50
-7.60
-14.20
-16.70
-10.60
-18.30
-17.10
-11.20
-9.30
-1.80
-8.20
-6.60
-9.30
-13.80
-10.70
-9.40
-17.20
-2.90
-8.90
-11.30
-12.50
-9.60
-15.10
-6.00
-13.00
-14.10
-11.80
-12.70
-11.20
-10.30
-13.10
-14.70
-13.20
-17.90
-12.10
-5.40
-4.20
-2.00
-5.60
-4.04
-1.30
-5.60
-5.67
-15.60
-9.50
-7.40
-1.50
-6.10
-9.10
-10.20
-10.50
-8.30
-18.00
-8.80
-12.70
-19.30
-17.90
-9.20
-19.60
-19.30
-20.80
-12.60
-13.00
-6.70
-15.10
-13.60
-20.00
-4.20
-24.00
-10.10
-8.50
-11.70
-12.40
-29.30
-32.80
-16.40
-22.20
-24.00
-22.40
-19.10
-23.60
-26.10
0.00
-6.50
-13.60
-0.40
-18.40
-12.70
-15.60
-12.50
-19.00
-17.00
-12.50
-13.20
-10.00
-23.50
-13.30
-9.50
-26.20
-17.90
-11.50
-19.60
-21.60
-11.20
-16.40
-18.90
-21.00
-23.10
-17.30
-16.50
-9.40
-19.50
-18.60
-17.90
-17.10
-24.00
-15.60
-9.80
-26.70
-16.20
-15.80
-22.80
-29.00
-16.90
-28.00
-19.80
-25.40
-18.50
-8.10
-15.30
-8.90
-9.80
-13.40
-6.30
-9.70
-27.50
-13.70
-5.80
-12.40
-18.10
-11.10
-8.20
-6.90
-19.20
-17.40
-11.80
-17.60
-19.00
-18.80
-15.90
-15.80
-4.00
-6.60
-15.50
-18.50
-21.00
-20.50
-19.80
-13.30
-17.00
-7.90
-9.00
-13.30
-11.20
-10.90
-27.10
-14.70
-18.40
-19.00
-21.30
-15.30
-16.00
-20.80
-22.10
-18.00
-17.10
-11.50
-23.80
-21.60
-20.00
-18.30
-28.70
-27.40
-7.60
-11.10
-12.60
-19.60
-19.50
-11.80
-10.00
-16.40
-12.10
-18.80
-17.10
-3.30
-16.90
-8.80
-8.10
-7.40
-7.10
-8.70
-15.10
-10.00
-13.60
-7.10
-6.50
-16.60
-10.00
-15.20
-12.90
-5.40
-17.70
-13.00
-11.90
-9.80
-13.20
-7.20
-10.60
-6.70
-17.00
-26.50
-25.40
-22.50
-19.00
-22.70
-9.80
-8.80
-22.60
-14.80
-7.80
-10.00
-7.00
-17.40
-20.50
-16.10
-10.40
-14.40
-2.20
-18.30
-7.00
-10.80
-12.80
-12.20
-12.70
-18.50
-17.00
-7.40
-8.40
-12.80
-1.00
-17.80
-8.50
-14.20
-9.10
-3.50
-19.90
-12.10
-7.00
-16.40
-8.20
-7.30
-8.60
-10.50
-16.90
-14.20
-12.20
-19.30
-7.20
-23.10
-8.70
-18.90
-10.60
-14.40
-6.00
-12.60
-14.40
-18.90
-20.50
-12.80
-17.60
-17.80
-14.10
-7.10
-14.30
-16.80
-16.30
-15.20
-11.00
-12.70
-17.20
-19.30
-6.60
-8.90
-8.90
-14.80
-15.20
-23.70
-15.50
-17.30
-13.50
-6.40
-18.20
-15.80
-15.30
-7.60
-8.30
-13.40
-19.30
-16.20
-17.30
-8.90
-21.80
-20.60
-7.10
-22.60
-10.30
-11.50
-2.90
-8.80
-20.50
-19.30
-19.70
-16.10
-9.20
-6.60
-18.10
-7.60
-18.20
-10.10
-13.30
-19.60
-23.80
-23.80
-23.80
-22.00
-14.60
-10.40
-9.60
-23.90
-19.80
-6.90
-22.60
-11.80
-22.60
-19.50
-19.80
-18.70
-18.10
-11.00
-13.50
-9.30
-21.10
-17.70
-2.50
-15.00
-17.10
-17.70
-16.10
-5.50
-16.90
-16.30
-15.10
-15.80
-20.20
-16.80
-13.10
-10.20
-8.80
-18.30
-24.40
-16.70
-15.30
-18.50
-13.50
-15.80
-8.00
-17.80
-19.60
-13.40
-12.50
-16.20
-8.30
-12.60
-0.40
-27.30
-10.70
-10.70
-13.60
-17.50
-14.00
-20.30
-13.40
-14.40
-21.00
-15.10
-15.20
-13.80
-17.60
-15.60
-18.70
-26.10
-22.00
-16.20
-24.30
-20.00
-24.70
-21.10
-23.60
-9.10
-22.00
-7.70
-20.70
-17.20
-20.90
-18.70
-18.90
-15.80
-8.40
-13.40
-18.30
-19.20
-18.00
-20.00
-22.90
-12.90
-24.50
-17.40
-10.60
-8.90
-7.00
-20.60
-13.20
-18.30
-8.20
-19.20
-17.80
-5.40
-14.30
-20.30
-13.50
-6.20
-6.40
-10.60
-16.80
-11.90
-17.20
-10.10
-11.70
-19.40
-20.70
-14.50
-8.50
-9.80
-18.60
-10.50
-19.70
-16.20
-6.80
-12.00
-8.70
-19.60
-11.90
-9.10
-14.90
-10.80
-8.00
-13.00
-10.30
-7.20
-8.40
-5.10
-7.10
-11.40
-19.20
-10.00
-18.10
-15.70
-17.00
-14.00
-17.90
-32.00
-17.70
-13.50
-19.50
-12.40
-10.40
-24.50
-7.50
-18.20
-7.50
-10.30
-14.20
-23.10
-16.70
-16.40
-14.50
-7.40
-14.10
-16.10
-14.10
-15.70
-15.30
-18.10
-17.00
-16.70
-12.00
-14.90
-13.20
-9.40
-21.70
-10.10
-19.80
-6.40
-21.50
-19.80
-20.40
-14.90
-11.10
-20.90
-18.60
-19.10
-22.20
-7.40
-27.00
-25.50
-14.00
-20.20
-20.80
-22.40
-17.80
-14.70
-16.70
-20.50
-5.60
-25.70
-19.60
-16.20
-19.40
-16.60
-4.70
-7.40
-19.70
-18.10
-19.20
-10.60
-15.10
-21.20
-25.40
-11.30
-18.90
-27.50
-27.70
-11.20
-15.00
-21.70
-24.80
-12.10
-28.20
-29.20
-25.50
-10.20
-24.80
-21.20
-25.30
-22.60
-24.30
-23.00
-13.20
-22.00
-29.60
-14.20
-17.60
-23.10
-8.60
-14.70
-25.50
-15.10
-17.00
-8.50
-23.80
-33.30
-20.40
-21.80
-10.60
-19.90
-18.50
-16.80
-9.50
-28.40
-16.30
-23.50
-6.10
-20.40
-23.30
-27.60
-15.30
-7.70
-20.00
-22.40
-15.80
-14.90
-17.80
-19.30
-6.70
-17.90
-17.10
-10.40
-18.10
-13.50
-15.00
-17.70
-16.70
-16.10
-15.40
-22.60
-14.00
-11.90
-15.30
-9.00
-16.20
-21.60
-13.30
-17.70
-11.20
-12.60
-17.60
-5.80
-15.40
-10.40
-17.90
-18.90
-6.30
-14.90
-16.80
-14.50
-24.50
-19.90
-11.20
-9.50
-9.70
-21.70
-19.70
-18.50
-14.40
-13.20
-17.00
-14.20
-16.70
-7.70
-10.00
-18.20
-10.30
-15.70
-20.60
-17.40
-8.20
-18.80
-6.30
-16.70
-16.00
-6.40
-11.90
-16.70
-7.00
-7.30
-21.70
-12.40
-6.90
-23.40
-17.80
-14.20
-9.60
-16.70
-20.40
-17.40
-11.60
-19.30
-15.80
-10.10
-21.30
-20.60
-16.90
-16.50
-18.60
-15.10
-19.90
-20.40
-8.80
-18.40
-15.90
-15.00
-14.90
-7.10
-12.10
-11.30
-17.10
-17.20
-16.80
-14.90
-15.20
-18.90
-19.70
-20.40
-14.00
-6.70
-20.40
-20.40
-24.30
-20.40
-19.90
-20.30
-21.30
-21.30
-7.90
-23.00
-24.10
-22.70
-22.80
-24.50
-16.10
-23.60
-17.70
-20.80
-19.40
-20.20
-7.90
-22.30
-23.60
-20.50
-19.90
-20.60
-20.40
-19.70
-18.60
-21.80
-18.60
-16.50
-8.40
-21.60
-18.60
-24.30
-22.70
-23.60
-22.60
-20.40
-22.10
-17.90
-18.00
-21.30
-21.30
-22.00
-20.20
-5.70
-10.90
-6.30
-14.70
-8.30
-9.40
-8.30
-11.90
-13.80
-12.50
-10.10
-9.60
-10.10
-15.80
-9.00
-12.40
-14.90
-17.90
-7.30
-16.50
-7.60
-5.90
-18.40
-20.10
-16.00
-17.70
-14.60
-10.60
-14.80
-6.20
-15.40
-15.20
-8.10
-14.20
-16.90
-16.00
-14.10
-18.60
-7.90
-15.00
-16.90
-13.20
-9.10
-17.80
-13.60
-12.40
-8.70
-7.30
-7.90
-6.10
-10.40
-8.40
-10.90
-12.80
-4.80
-8.90
-12.50
-11.60
-8.40
-12.00
-11.20
-16.70
-10.30
-22.30
-9.10
-19.20
-21.00
-19.30
-18.00
-19.10
-22.20
-15.00
-20.50
-17.30
-14.40
-16.90
-18.80
-7.30
-14.20
-17.20
-23.20
-16.70
-18.90
-11.40
-13.70
-8.00
-13.80
-20.50
-10.30
-16.10
-17.80
-14.50
-15.60
-17.80
-21.10
-7.70
-24.50
-16.20
-14.30
-15.40
-14.30
-8.40
-5.10
-11.70
-13.60
-5.30
-8.00
-9.20
-11.60
-10.80
-16.50
-6.10
-19.40
-12.20
-14.70
-11.50
-15.80
-13.70
-14.90
-13.30
-8.20
-16.10
-25.50
-4.90
-6.10
-18.60
-14.30
-9.50
-12.20
-19.80
-11.80
-10.20
-15.20
-11.00
-20.40
-15.60
-17.40
-6.00
-22.40
-21.90
-7.50
-24.40
-22.50
-24.50
-24.30
-20.60
-9.10
-14.70
-20.20
-22.30
-20.70
-12.50
-8.30
-22.30
-24.80
-13.60
-13.00
-17.10
-13.30
-14.30
-17.80
-13.00
-8.10
-6.80
-13.50
-13.70
-15.00
-16.10
-17.70
-11.40
-7.10
-10.80
-19.20
-6.30
-3.60
-12.90
-8.30
-9.50
-12.10
-11.60
-13.30
-13.70
-17.80
-13.50
-15.70
-17.20
-12.70
-16.00
-17.90
-15.70
-13.40
-17.60
-10.90
-20.20
-6.60
-20.60
-10.90
-16.50
-15.30
-16.00
-18.50
-11.60
-18.40
-19.30
-9.90
-6.30
-16.40
-9.80
-25.90
-20.30
-16.60
-10.70
-15.00
-11.00
-19.70
-14.70
-15.80
-18.20
-13.20
-11.40
-16.20
-22.70
-14.40
-15.40
-4.70
-2.00
-6.60
-10.50
-22.40
-28.00
-28.50
-15.60
-21.90
-8.60
-25.70
-8.40
-28.40
-23.20
-14.00
-30.60
-14.30
-23.00
-20.20
-19.30
-20.40
-17.90
-15.60
-17.30
-21.70
-9.20
-28.30
-16.50
-14.80
-18.40
-7.60
-10.40
-20.80
-9.00
-19.90
-21.30
-21.10
-19.30
-17.90
-20.00
-17.50
-16.20
-10.50
-21.10
-12.70
-18.50
-21.70
-10.40
-13.00
-14.10
-16.20
-20.10
-12.50
-15.60
-17.10
-17.90
-16.50
-15.60
-13.30
-16.70
-8.00
-5.90
-11.60
-7.70
-19.60
